[[1.0, 0.6247312538541304, 0.42709829935096333, -0.4714016618538507, -0.1058435540079899, 0.9168867556021127, 0.8177836385664643, 0.2864575139284746, 0.29386240831694505, 0.2404914053606582, -0.1162221988799146, -0.40483682056234704, 0.6833623056065158, -0.566432979540856, 0.6582070300745714, 0.8304793907710984, 0.6686696686245499, -0.3632303912562459, 0.9750272974561988, 0.08327408689131195, -0.293955365138411, 0.5564391377171934, 0.5912392169285446, 0.8747973524072647, 0.4978573009626505, 0.8649512451633817, 0.10235753064920021, 0.06314412240157527, 0.6688313852743887, 0.9508610992379515, 0.37199089363802124, 0.1193404752217361, 0.7494324770218308, 0.6642616649940456, 0.2340588309306965, 0.8320760697234869, 0.8925014052688167, 0.27614273197275835, 0.9201163991810765, -0.11106825175787108], [0.6247312538541304, 1.0, 0.18833111882778547, -0.7922334682398811, -0.25493285772985635, 0.45790967032325786, 0.27776957131526653, 0.41745019705983033, -0.35428685203535937, -0.4527260181157839, -0.08471753462072533, 0.304747910181936, 0.4500123259491406, -0.605695843742503, 0.37452238874888316, 0.5363939818912224, 0.5142819613695487, -0.45923301346817735, 0.5931487991151465, -0.018608243173999974, -0.273652569350325, 0.5337619669165188, -0.09434065276842303, 0.48529243114121523, 0.44055929963270846, 0.314847209010323, -0.05526248460335391, -0.1592912463666502, 0.6042775941815548, 0.67810623802747, 0.1563782156933538, -0.04263732929904395, 0.4283356251091966, 0.36928106981820996, -0.10089198489081906, 0.28577957442916607, 0.602228133953467, 0.5693413134531095, 0.3673763595654368, -0.23742547448045956], [0.42709829935096333, 0.18833111882778547, 1.0, -0.5286651041477112, 0.06334840049944025, 0.6588565195449188, 0.3641103911996287, 0.28890200193277027, -0.27790740513059, 0.10248370654427064, 0.7795711018750322, -0.4692163879731827, 0.0012231091187837142, -0.7916758359675587, 0.1113303772666275, 0.5960037123705165, 0.6444882105941594, -0.7509588658754608, 0.3955241614273516, 0.42298368490506943, -0.4356613444896857, 0.6308844834427174, 0.07179655301529463, 0.7516920129822551, 0.8070450732002002, 0.13979249680047653, -0.09774746958703591, -0.7202349961806683, 0.35450910087126913, 0.2636952940052339, -0.04569694949192704, -0.09077907387297048, 0.6110043069520551, 0.07174803685647904, 0.49081707574335764, 0.7662172325726593, 0.48673668841117335, 0.033690355117988194, 0.5046263827849324, -0.2829740483533755], [-0.4714016618538507, -0.7922334682398811, -0.5286651041477112, 1.0, 0.30708590250164897, -0.5117828556878556, -0.14747143650759903, -0.511913683903082, 0.686496170167622, 0.6229320656775928, -0.3340749648028221, -0.2912085503609321, -0.10516484858232224, 0.9056327035363555, -0.11712174882026173, -0.5379683699753363, -0.4724041608269066, 0.7821163582355762, -0.3984653571135684, -0.18945789623761444, 0.7060465327153895, -0.7629157588035791, 0.3364877936670455, -0.561989639273899, -0.8464380317767864, -0.19638569566660846, -0.031503548280640975, 0.6259226566505112, -0.5305219458514335, -0.37987448357462805, 0.07880541210843897, -0.04095888596040706, -0.4316076636748803, -0.03671595210969336, -0.06542601845905752, -0.3087869888210001, -0.6337635838244461, -0.41798561628006803, -0.22231967138188713, 0.5715130088766143], [-0.1058435540079899, -0.25493285772985635, 0.06334840049944025, 0.30708590250164897, 1.0, -0.18844972015255362, -0.3562478699898778, 0.3196376949853757, 0.34615988904876527, 0.3623787886093964, 0.3053421573657857, -0.2908786667081004, 0.4647243323905491, 0.1633714470915674, 0.532281925614905, -0.47207097787490887, -0.44788556618785536, 0.4851653407630047, 0.06543508337227236, 0.7956816971572116, 0.036713033281208056, -0.11099694814793962, 0.3809423991623086, 0.05201849857668344, -0.32214840882646417, -0.24044419153180668, 0.26499121881667104, -0.17983943382673248, -0.7449567773360748, -0.09455179913241246, 0.7899502035295859, 0.26513680824060515, -0.5166909028001411, -0.45463630026086954, -0.5006536548628192, 0.08902402896258153, -0.2711118908671298, 0.3864890146545822, 0.1731848760307985, -0.12831806131615642], [0.9168867556021127, 0.45790967032325786, 0.6588565195449188, -0.5117828556878556, -0.18844972015255362, 1.0, 0.8716218293712978, 0.3523957283913423, 0.14893296498017367, 0.29939780599778243, 0.17584836123913264, -0.5721498548157169, 0.39032477393139364, -0.7203164743337825, 0.39801930037302696, 0.928705639241442, 0.7818479211903383, -0.6110201603624541, 0.8378953346983948, 0.1573066405050576, -0.4542149586254282, 0.7272387759106215, 0.5367247403023405, 0.9559100181209546, 0.7000544729136638, 0.819907565786991, 0.19169824888555503, -0.11207265086793186, 0.7214963512335617, 0.8268099585566284, 0.12355846786815232, 0.20595826465615205, 0.8697343757018872, 0.6359272050614486, 0.37136504205150767, 0.9167203170114724, 0.9419875877719803, -0.006760152234479144, 0.8877764376596898, -0.26783072211572995], [0.8177836385664643, 0.27776957131526653, 0.3641103911996287, -0.14747143650759903, -0.3562478699898778, 0.8716218293712978, 1.0, 0.07046122610191473, 0.4108507610570136, 0.5322146128467843, -0.12472252834018832, -0.6556572582058938, 0.28111176057126713, -0.34918117219596867, 0.23433181708138945, 0.8977935639380351, 0.7903975459798313, -0.39521793225385893, 0.7162756314903439, -0.1970467494873893, -0.06823220417663481, 0.44142310387978995, 0.6566225588010459, 0.7315236687913836, 0.3585154011406127, 0.8610056312690318, 0.11794979310210618, 0.3309652133652539, 0.7866475147704839, 0.8148311257542117, -0.04239510552917803, 0.12921140670091852, 0.8941768599146603, 0.8989942707787562, 0.44173174428317363, 0.7967713096681935, 0.7952623337210216, -0.30316144481706353, 0.8176295483709812, 0.06409843790358678], [0.2864575139284746, 0.41745019705983033, 0.28890200193277027, -0.511913683903082, 0.3196376949853757, 0.3523957283913423, 0.07046122610191473, 1.0, -0.2814704607083285, -0.041494892519182064, 0.48138365079029394, -0.17797783807765744, 0.1980774621215001, -0.609394175846412, 0.17566089212464384, 0.22360177276582455, 0.1358559721801114, -0.37991422943040803, 0.23992060439096494, 0.7426596493309463, -0.6774678913617947, 0.8160715785775041, 0.19970287674397433, 0.5282453610921473, 0.36956548281446905, 0.16359738438771945, 0.7755341395424473, -0.31850151576448554, 0.033416311611525536, 0.35461190087111655, 0.2891431446932175, 0.7803743659902973, 0.056365119043551, 0.0006475576987902152, -0.6297696109126346, 0.2567890793728472, 0.5221644901001887, 0.14108288509530123, 0.3214603533623972, -0.8858930706451087], [0.29386240831694505, -0.35428685203535937, -0.27790740513059, 0.686496170167622, 0.34615988904876527, 0.14893296498017367, 0.4108507610570136, -0.2814704607083285, 1.0, 0.8130500767579083, -0.49145418135471763, -0.5753028223896755, 0.5332895240080031, 0.5321831832642013, 0.5106958306560293, -0.006022562744685568, -0.11001237479063236, 0.6418127881484015, 0.37767608874869757, -0.046573195886961745, 0.4462392619363489, -0.39359618353597375, 0.8471689928514491, 0.08065184214799406, -0.5281882738992519, 0.49224534895204597, 0.10397204917995338, 0.6943347351546314, -0.14993974566648421, 0.3314852792913918, 0.5186897393962344, 0.10797229450138658, 0.01859025158134685, 0.37538116262605464, 0.021592304789657554, 0.2902347945310787, 0.01872722305483038, -0.10666474795337468, 0.4898000099335592, 0.46357296151312377], [0.2404914053606582, -0.4527260181157839, 0.10248370654427064, 0.6229320656775928, 0.3623787886093964, 0.29939780599778243, 0.5322146128467843, -0.041494892519182064, 0.8130500767579083, 1.0, 0.012839596278965469, -0.9108508157798838, 0.22171784501484273, 0.2842245847499675, 0.21998921357941809, 0.18739121259672006, 0.18264755225687293, 0.2724387289127046, 0.260060401115196, 0.1614391258728056, 0.3393420570740368, -0.08001782969144998, 0.8642452696200882, 0.28465681201026, -0.3121067330933943, 0.3790251470184264, 0.2527992672122025, 0.4688966387434607, -0.043032081320780374, 0.29865385863767313, 0.26446921773973736, 0.2542350565418612, 0.2389968811761208, 0.45654272256860956, 0.09760869567616434, 0.5065364313450228, 0.11414505842823698, -0.4501280353358345, 0.5583343809199096, 0.25342981313626417], [-0.1162221988799146, -0.08471753462072533, 0.7795711018750322, -0.3340749648028221, 0.3053421573657857, 0.17584836123913264, -0.12472252834018832, 0.48138365079029394, -0.49145418135471763, 0.012839596278965469, 1.0, -0.32252617648976395, -0.32881752678068676, -0.5824743328193743, -0.2214922369418939, 0.11695282824932098, 0.24601160235452782, -0.5846949902981897, -0.14126730560397904, 0.6550563154895714, -0.42681276109849403, 0.5369986059490673, -0.1625493863371697, 0.3661680550715494, 0.5320428539032414, -0.35278122905173875, 0.15596542246286477, -0.7981535078092172, -0.09723599783654654, -0.19512367458767552, -0.13109847799818275, 0.15359753066606477, 0.12309153249536167, -0.31867420608376934, 0.052705648994211714, 0.3226119878810465, 0.07977976585819868, -0.11017331300293226, 0.05355562769460577, -0.5051205135418606], [-0.40483682056234704, 0.304747910181936, -0.4692163879731827, -0.2912085503609321, -0.2908786667081004, -0.5721498548157169, -0.6556572582058938, -0.17797783807765744, -0.5753028223896755, -0.9108508157798838, -0.32252617648976395, 1.0, -0.15867373343475855, 0.11771247394738577, -0.18981135838706525, -0.44688746149828085, -0.4250058886645462, 0.11327780446718651, -0.38248060697109926, -0.3304015027845466, -0.016685844215702572, -0.2818274654487985, -0.8094187649664931, -0.5856528489733328, -0.09239587418201403, -0.45860444304272563, -0.3211050118589803, -0.14979601660977493, -0.14601348208220943, -0.39876054982281567, -0.1739992072765714, -0.3250923002499276, -0.4766246465296957, -0.4658350591179545, -0.21710787872542137, -0.7447300712603948, -0.38056144751742754, 0.45255647804127913, -0.7009367291777214, 0.013987931376463592], [0.6833623056065158, 0.4500123259491406, 0.0012231091187837142, -0.10516484858232224, 0.4647243323905491, 0.39032477393139364, 0.28111176057126713, 0.1980774621215001, 0.5332895240080031, 0.22171784501484273, -0.32881752678068676, -0.15867373343475855, 1.0, -0.08428875527179425, 0.9830380141508068, 0.1755419162830614, 0.040712415643478085, 0.31261633397557526, 0.8132701530894617, 0.29888026325015327, -0.0018882111193156367, 0.06438250908426664, 0.6012534562908677, 0.4606059116258325, -0.06262683299498928, 0.5179501698986962, 0.06093482168944929, 0.16905680651052368, 0.0067572233692685, 0.682497897979287, 0.8957598190889168, 0.07506073334094, 0.07742130544857817, 0.2144787912985453, -0.21116539781400948, 0.4471305377501117, 0.3769077812519026, 0.701709562183815, 0.6839162624380274, 0.07118642152093202], [-0.566432979540856, -0.605695843742503, -0.7916758359675587, 0.9056327035363555, 0.1633714470915674, -0.7203164743337825, -0.34918117219596867, -0.609394175846412, 0.5321831832642013, 0.2842245847499675, -0.5824743328193743, 0.11771247394738577, -0.08428875527179425, 1.0, -0.12956633490769418, -0.6843881314785014, -0.6170392874076421, 0.8811473885022247, -0.481567176688317, -0.39180220553716644, 0.7690247241586312, -0.9094439663038045, 0.07175865459810839, -0.7935072312957953, -0.9452980758194794, -0.30887300254965705, -0.17527948998765797, 0.6794101027843111, -0.5363683161720895, -0.44810292591825185, 0.05134999347258824, -0.18512590140683968, -0.593906353727862, -0.1263615817360093, -0.16828992093824813, -0.5982862948976628, -0.755084222334281, -0.20550408099005024, -0.4533722381446964, 0.6435413503572286], [0.6582070300745714, 0.37452238874888316, 0.1113303772666275, -0.11712174882026173, 0.532281925614905, 0.39801930037302696, 0.23433181708138945, 0.17566089212464384, 0.5106958306560293, 0.21998921357941809, -0.2214922369418939, -0.18981135838706525, 0.9830380141508068, -0.12956633490769418, 1.0, 0.14733249818048905, 0.011680181029664857, 0.28807707247927156, 0.8027270439715156, 0.380907324037771, -0.05855735440650591, 0.06465701375325343, 0.5765514113270203, 0.48731344576113883, 0.01048884937442767, 0.47409597581665147, 0.02062740882818351, 0.03596746149726856, -0.062075493688013385, 0.6088775868839572, 0.9175758941889138, 0.03451492393419281, 0.05814967502241186, 0.1019286286445181, -0.14043994721714828, 0.4889263775335419, 0.34743057308529063, 0.7278922144281895, 0.6828579485865378, 0.05452974678653737], [0.8304793907710984, 0.5363939818912224, 0.5960037123705165, -0.5379683699753363, -0.47207097787490887, 0.928705639241442, 0.8977935639380351, 0.22360177276582455, -0.006022562744685568, 0.18739121259672006, 0.11695282824932098, -0.44688746149828085, 0.1755419162830614, -0.6843881314785014, 0.14733249818048905, 1.0, 0.9314961305439879, -0.7301501281549203, 0.7051313213553126, -0.12701014654255666, -0.2973566046430865, 0.6801595633551928, 0.34378120192693395, 0.8315979600785777, 0.6799463817803819, 0.7238539453151032, 0.027374936818009316, -0.03412947746327231, 0.9173700074452054, 0.7908138655918349, -0.17592383321370275, 0.03967434255672235, 0.9782597303058569, 0.7786019596697195, 0.4866930544870955, 0.8070914968381094, 0.8877293917052401, -0.14532531694465164, 0.7384033339889418, -0.13485619511520625], [0.6686696686245499, 0.5142819613695487, 0.6444882105941594, -0.4724041608269066, -0.44788556618785536, 0.7818479211903383, 0.7903975459798313, 0.1358559721801114, -0.11001237479063236, 0.18264755225687293, 0.24601160235452782, -0.4250058886645462, 0.040712415643478085, -0.6170392874076421, 0.011680181029664857, 0.9314961305439879, 1.0, -0.7547732504781796, 0.5538428634159638, -0.17703152760139507, -0.07182677610285199, 0.575549175615271, 0.20326171509177401, 0.7168083866925254, 0.5908311981539425, 0.4606242948655397, -0.1699903712803404, -0.09571143252560436, 0.8909910377301019, 0.6732508990872936, -0.29103190440235327, -0.16026011465468581, 0.959123538494528, 0.7567799988974298, 0.543350535557164, 0.750370605244838, 0.6931752405408461, -0.174331158686582, 0.6161511263111653, 0.02264659111494097], [-0.3632303912562459, -0.45923301346817735, -0.7509588658754608, 0.7821163582355762, 0.4851653407630047, -0.6110201603624541, -0.39521793225385893, -0.37991422943040803, 0.6418127881484015, 0.2724387289127046, -0.5846949902981897, 0.11327780446718651, 0.31261633397557526, 0.8811473885022247, 0.28807707247927156, -0.7301501281549203, -0.7547732504781796, 1.0, -0.2126723494006603, -0.061513839445473076, 0.5651779222596864, -0.8002637944999798, 0.24978241252411998, -0.6050676749020306, -0.8948728332225647, -0.17427296772870116, -0.016803912720423326, 0.5711543038908994, -0.6971849864979401, -0.28106380619243626, 0.4956360419298689, -0.02173152636921927, -0.7121229324574297, -0.2629748919428258, -0.38995556694607136, -0.4763623694191703, -0.6212254018461435, 0.16179519962464936, -0.2419823106661882, 0.4626501423105268], [0.9750272974561988, 0.5931487991151465, 0.3955241614273516, -0.3984653571135684, 0.06543508337227236, 0.8378953346983948, 0.7162756314903439, 0.23992060439096494, 0.37767608874869757, 0.260060401115196, -0.14126730560397904, -0.38248060697109926, 0.8132701530894617, -0.481567176688317, 0.8027270439715156, 0.7051313213553126, 0.5538428634159638, -0.2126723494006603, 1.0, 0.15799016842503377, -0.2167747762376928, 0.4375545421812743, 0.6210687641368754, 0.8297378731021644, 0.4001996467326345, 0.8003087564781838, 0.035212086339187425, 0.04520408840906202, 0.5187210170855286, 0.9173812609837038, 0.5438191478378779, 0.05258421743196074, 0.6260452108354936, 0.5564608603464474, 0.18968180925091124, 0.8129107760244452, 0.7870581855816009, 0.42783220922976506, 0.9235416731399134, -0.031017826779491223], [0.08327408689131195, -0.018608243173999974, 0.42298368490506943, -0.18945789623761444, 0.7956816971572116, 0.1573066405050576, -0.1970467494873893, 0.7426596493309463, -0.046573195886961745, 0.1614391258728056, 0.6550563154895714, -0.3304015027845466, 0.29888026325015327, -0.39180220553716644, 0.380907324037771, -0.12701014654255666, -0.17703152760139507, -0.061513839445473076, 0.15799016842503377, 1.0, -0.5246392689659546, 0.47064430427218396, 0.2740409323970949, 0.4139100058738997, 0.22165647104400613, -0.08018730432605274, 0.5572366377781481, -0.5277839834522641, -0.4569498552912601, 0.0393730096403095, 0.5850783058852768, 0.5597551640605549, -0.23617107990760408, -0.4170831763793519, -0.49593495824540224, 0.2901487465500409, 0.15416366517684232, 0.2915397293154002, 0.2881881371460306, -0.6593134126996348], [-0.293955365138411, -0.273652569350325, -0.4356613444896857, 0.7060465327153895, 0.036713033281208056, -0.4542149586254282, -0.06823220417663481, -0.6774678913617947, 0.4462392619363489, 0.3393420570740368, -0.42681276109849403, -0.016685844215702572, -0.0018882111193156367, 0.7690247241586312, -0.05855735440650591, -0.2973566046430865, -0.07182677610285199, 0.5651779222596864, -0.2167747762376928, -0.5246392689659546, 1.0, -0.7889438252844618, 0.06994501251945552, -0.5176577072784536, -0.7593327336209952, -0.29619808623924926, -0.5579975734782651, 0.5702826698864654, -0.135300229019019, -0.14476230894762757, -0.039377453704828806, -0.5629221537739195, -0.15195438511895754, 0.21643598731816835, 0.16827684566867548, -0.23869537362969442, -0.59340802358584, -0.11574238617475849, -0.19035000276723585, 0.8978767950583751], [0.5564391377171934, 0.5337619669165188, 0.6308844834427174, -0.7629157588035791, -0.11099694814793962, 0.7272387759106215, 0.44142310387978995, 0.8160715785775041, -0.39359618353597375, -0.08001782969144998, 0.5369986059490673, -0.2818274654487985, 0.06438250908426664, -0.9094439663038045, 0.06465701375325343, 0.6801595633551928, 0.575549175615271, -0.8002637944999798, 0.4375545421812743, 0.47064430427218396, -0.7889438252844618, 1.0, 0.1428703559778313, 0.7983227690096424, 0.7900753928793843, 0.4163489336322423, 0.5291109405544782, -0.43960935561888326, 0.5083403382254497, 0.5250859365662633, -0.03355137222751857, 0.537545512544524, 0.5564407038155487, 0.26959845648941594, -0.09277906587401946, 0.5675636588440198, 0.825512459377494, -0.013196745880703293, 0.502846993652285, -0.7979493199868286], [0.5912392169285446, -0.09434065276842303, 0.07179655301529463, 0.3364877936670455, 0.3809423991623086, 0.5367247403023405, 0.6566225588010459, 0.19970287674397433, 0.8471689928514491, 0.8642452696200882, -0.1625493863371697, -0.8094187649664931, 0.6012534562908677, 0.07175865459810839, 0.5765514113270203, 0.34378120192693395, 0.20326171509177401, 0.24978241252411998, 0.6210687641368754, 0.2740409323970949, 0.06994501251945552, 0.1428703559778313, 1.0, 0.5290487512523157, -0.16039539760732724, 0.699241415886093, 0.4274206249493775, 0.4818155885379112, 0.07989890792395117, 0.6342984512019462, 0.5584026426826284, 0.4358492854581715, 0.303223373736904, 0.538757752409544, -0.0786154131529334, 0.630170305814668, 0.4452719319092635, -0.12672645900659288, 0.8030778580073357, 0.0407595225330598], [0.8747973524072647, 0.48529243114121523, 0.7516920129822551, -0.561989639273899, 0.05201849857668344, 0.9559100181209546, 0.7315236687913836, 0.5282453610921473, 0.08065184214799406, 0.28465681201026, 0.3661680550715494, -0.5856528489733328, 0.4606059116258325, -0.7935072312957953, 0.48731344576113883, 0.8315979600785777, 0.7168083866925254, -0.6050676749020306, 0.8297378731021644, 0.4139100058738997, -0.5176577072784536, 0.7983227690096424, 0.5290487512523157, 1.0, 0.710116965217111, 0.6838551903102783, 0.2599464242701556, -0.283444732611126, 0.5621612816598154, 0.7913579669285117, 0.27976662387130097, 0.2742207257992597, 0.7524006570347208, 0.4792476033452053, 0.21465933431605408, 0.9336943873232179, 0.8952123739636684, 0.13356964316679543, 0.8971788571370662, -0.39295260594074344], [0.4978573009626505, 0.44055929963270846, 0.8070450732002002, -0.8464380317767864, -0.32214840882646417, 0.7000544729136638, 0.3585154011406127, 0.36956548281446905, -0.5281882738992519, -0.3121067330933943, 0.5320428539032414, -0.09239587418201403, -0.06262683299498928, -0.9452980758194794, 0.01048884937442767, 0.6799463817803819, 0.5908311981539425, -0.8948728332225647, 0.4001996467326345, 0.22165647104400613, -0.7593327336209952, 0.7900753928793843, -0.16039539760732724, 0.710116965217111, 1.0, 0.31840645482921676, 0.029534457276488815, -0.6934502413984835, 0.5601335808480031, 0.3093917906182357, -0.21459822783939841, 0.037799716421673464, 0.6280808080400457, 0.07832537817365266, 0.4098764397572767, 0.563346259939391, 0.6923482994963456, 0.08975830546892372, 0.3617279225513446, -0.5256974409762961], [0.8649512451633817, 0.314847209010323, 0.13979249680047653, -0.19638569566660846, -0.24044419153180668, 0.819907565786991, 0.8610056312690318, 0.16359738438771945, 0.49224534895204597, 0.3790251470184264, -0.35278122905173875, -0.45860444304272563, 0.5179501698986962, -0.30887300254965705, 0.47409597581665147, 0.7238539453151032, 0.4606242948655397, -0.17427296772870116, 0.8003087564781838, -0.08018730432605274, -0.29619808623924926, 0.4163489336322423, 0.699241415886093, 0.6838551903102783, 0.31840645482921676, 1.0, 0.31523242789699985, 0.37147077370861725, 0.593957712963735, 0.8190816836364957, 0.23799561357441673, 0.3283384102987515, 0.6450251875147399, 0.7000361914549057, 0.19277840551299671, 0.651942774912791, 0.8364679730036728, -0.05501725459298111, 0.797218364685493, -0.11177120275785962], [0.10235753064920021, -0.05526248460335391, -0.09774746958703591, -0.031503548280640975, 0.26499121881667104, 0.19169824888555503, 0.11794979310210618, 0.7755341395424473, 0.10397204917995338, 0.2527992672122025, 0.15596542246286477, -0.3211050118589803, 0.06093482168944929, -0.17527948998765797, 0.02062740882818351, 0.027374936818009316, -0.1699903712803404, -0.016803912720423326, 0.035212086339187425, 0.5572366377781481, -0.5579975734782651, 0.5291109405544782, 0.4274206249493775, 0.2599464242701556, 0.029534457276488815, 0.31523242789699985, 1.0, 0.12954561968787565, -0.1471734677806364, 0.18136839451999154, 0.21603907596641292, 0.9998437633931422, -0.12139875809681941, 0.04154050293047425, -0.6764569775474126, 0.05229785376638212, 0.3731679829841701, -0.25884306478255387, 0.20268463954481217, -0.7744769094793963], [0.06314412240157527, -0.1592912463666502, -0.7202349961806683, 0.6259226566505112, -0.17983943382673248, -0.11207265086793186, 0.3309652133652539, -0.31850151576448554, 0.6943347351546314, 0.4688966387434607, -0.7981535078092172, -0.14979601660977493, 0.16905680651052368, 0.6794101027843111, 0.03596746149726856, -0.03412947746327231, -0.09571143252560436, 0.5711543038908994, 0.04520408840906202, -0.5277839834522641, 0.5702826698864654, -0.43960935561888326, 0.4818155885379112, -0.283444732611126, -0.6934502413984835, 0.37147077370861725, 0.12954561968787565, 1.0, 0.09603128314939156, 0.2455038203772982, 0.03906947787474013, 0.12874904284194566, -0.014232880646024662, 0.5653699512816889, -0.1451804758736843, -0.17174928024370179, -0.06146442960880888, -0.338341070726296, 0.08165074249678414, 0.4647269598207678], [0.6688313852743887, 0.6042775941815548, 0.35450910087126913, -0.5305219458514335, -0.7449567773360748, 0.7214963512335617, 0.7866475147704839, 0.033416311611525536, -0.14993974566648421, -0.043032081320780374, -0.09723599783654654, -0.14601348208220943, 0.0067572233692685, -0.5363683161720895, -0.062075493688013385, 0.9173700074452054, 0.8909910377301019, -0.6971849864979401, 0.5187210170855286, -0.4569498552912601, -0.135300229019019, 0.5083403382254497, 0.07989890792395117, 0.5621612816598154, 0.5601335808480031, 0.593957712963735, -0.1471734677806364, 0.09603128314939156, 1.0, 0.6739807163042042, -0.41052430128622275, -0.1374982700111294, 0.9184118709788731, 0.803571124119778, 0.5101240774524208, 0.528690151188096, 0.7372733897632113, -0.1775951809462346, 0.47057793899448536, 0.018701210422465513], [0.9508610992379515, 0.67810623802747, 0.2636952940052339, -0.37987448357462805, -0.09455179913241246, 0.8268099585566284, 0.8148311257542117, 0.35461190087111655, 0.3314852792913918, 0.29865385863767313, -0.19512367458767552, -0.39876054982281567, 0.682497897979287, -0.44810292591825185, 0.6088775868839572, 0.7908138655918349, 0.6732508990872936, -0.28106380619243626, 0.9173812609837038, 0.0393730096403095, -0.14476230894762757, 0.5250859365662633, 0.6342984512019462, 0.7913579669285117, 0.3093917906182357, 0.8190816836364957, 0.18136839451999154, 0.2455038203772982, 0.6739807163042042, 1.0, 0.36572276666985465, 0.1972627466195647, 0.7043281007608768, 0.7826050237230252, 0.05810125836668701, 0.7415825996462175, 0.84444448474009, 0.220038529292879, 0.8857941135366019, -0.08171219203395334], [0.37199089363802124, 0.1563782156933538, -0.04569694949192704, 0.07880541210843897, 0.7899502035295859, 0.12355846786815232, -0.04239510552917803, 0.2891431446932175, 0.5186897393962344, 0.26446921773973736, -0.13109847799818275, -0.1739992072765714, 0.8957598190889168, 0.05134999347258824, 0.9175758941889138, -0.17592383321370275, -0.29103190440235327, 0.4956360419298689, 0.5438191478378779, 0.5850783058852768, -0.039377453704828806, -0.03355137222751857, 0.5584026426826284, 0.27976662387130097, -0.21459822783939841, 0.23799561357441673, 0.21603907596641292, 0.03906947787474013, -0.41052430128622275, 0.36572276666985465, 1.0, 0.22511108946440705, -0.27725894349428354, -0.14375728080899391, -0.438746526738732, 0.2635056207124622, 0.10290962785345376, 0.6793971745575534, 0.4854775727824602, -0.0588508486966389], [0.1193404752217361, -0.04263732929904395, -0.09077907387297048, -0.04095888596040706, 0.26513680824060515, 0.20595826465615205, 0.12921140670091852, 0.7803743659902973, 0.10797229450138658, 0.2542350565418612, 0.15359753066606477, -0.3250923002499276, 0.07506073334094, -0.18512590140683968, 0.03451492393419281, 0.03967434255672235, -0.16026011465468581, -0.02173152636921927, 0.05258421743196074, 0.5597551640605549, -0.5629221537739195, 0.537545512544524, 0.4358492854581715, 0.2742207257992597, 0.037799716421673464, 0.3283384102987515, 0.9998437633931422, 0.12874904284194566, -0.1374982700111294, 0.1972627466195647, 0.22511108946440705, 1.0, -0.11072435034599362, 0.050314880055242074, -0.6735845879715128, 0.06549445383847996, 0.3871441381117772, -0.2494609899960405, 0.21772467812897534, -0.7759587676694856], [0.7494324770218308, 0.4283356251091966, 0.6110043069520551, -0.4316076636748803, -0.5166909028001411, 0.8697343757018872, 0.8941768599146603, 0.056365119043551, 0.01859025158134685, 0.2389968811761208, 0.12309153249536167, -0.4766246465296957, 0.07742130544857817, -0.593906353727862, 0.05814967502241186, 0.9782597303058569, 0.959123538494528, -0.7121229324574297, 0.6260452108354936, -0.23617107990760408, -0.15195438511895754, 0.5564407038155487, 0.303223373736904, 0.7524006570347208, 0.6280808080400457, 0.6450251875147399, -0.12139875809681941, -0.014232880646024662, 0.9184118709788731, 0.7043281007608768, -0.27725894349428354, -0.11072435034599362, 1.0, 0.7890424310779622, 0.6293762675143337, 0.7933117646366963, 0.7771484543695661, -0.23232968128873596, 0.6806864896372802, 0.026173544441864368], [0.6642616649940456, 0.36928106981820996, 0.07174803685647904, -0.03671595210969336, -0.45463630026086954, 0.6359272050614486, 0.8989942707787562, 0.0006475576987902152, 0.37538116262605464, 0.45654272256860956, -0.31867420608376934, -0.4658350591179545, 0.2144787912985453, -0.1263615817360093, 0.1019286286445181, 0.7786019596697195, 0.7567799988974298, -0.2629748919428258, 0.5564608603464474, -0.4170831763793519, 0.21643598731816835, 0.26959845648941594, 0.538757752409544, 0.4792476033452053, 0.07832537817365266, 0.7000361914549057, 0.04154050293047425, 0.5653699512816889, 0.803571124119778, 0.7826050237230252, -0.14375728080899391, 0.050314880055242074, 0.7890424310779622, 1.0, 0.2884965091044793, 0.5469595219135011, 0.6181994764490593, -0.3248855653135719, 0.6264885404792144, 0.2265058785725738], [0.2340588309306965, -0.10089198489081906, 0.49081707574335764, -0.06542601845905752, -0.5006536548628192, 0.37136504205150767, 0.44173174428317363, -0.6297696109126346, 0.021592304789657554, 0.09760869567616434, 0.052705648994211714, -0.21710787872542137, -0.21116539781400948, -0.16828992093824813, -0.14043994721714828, 0.4866930544870955, 0.543350535557164, -0.38995556694607136, 0.18968180925091124, -0.49593495824540224, 0.16827684566867548, -0.09277906587401946, -0.0786154131529334, 0.21465933431605408, 0.4098764397572767, 0.19277840551299671, -0.6764569775474126, -0.1451804758736843, 0.5101240774524208, 0.05810125836668701, -0.438746526738732, -0.6735845879715128, 0.6293762675143337, 0.2884965091044793, 1.0, 0.4266909581451316, 0.13799494187591682, -0.22968385669367516, 0.18907633522140155, 0.5035905912138406], [0.8320760697234869, 0.28577957442916607, 0.7662172325726593, -0.3087869888210001, 0.08902402896258153, 0.9167203170114724, 0.7967713096681935, 0.2567890793728472, 0.2902347945310787, 0.5065364313450228, 0.3226119878810465, -0.7447300712603948, 0.4471305377501117, -0.5982862948976628, 0.4889263775335419, 0.8070914968381094, 0.750370605244838, -0.4763623694191703, 0.8129107760244452, 0.2901487465500409, -0.23869537362969442, 0.5675636588440198, 0.630170305814668, 0.9336943873232179, 0.563346259939391, 0.651942774912791, 0.05229785376638212, -0.17174928024370179, 0.528690151188096, 0.7415825996462175, 0.2635056207124622, 0.06549445383847996, 0.7933117646366963, 0.5469595219135011, 0.4266909581451316, 1.0, 0.7489499520666927, 0.030152670809130373, 0.9302255541366404, -0.08528748878227804], [0.8925014052688167, 0.602228133953467, 0.48673668841117335, -0.6337635838244461, -0.2711118908671298, 0.9419875877719803, 0.7952623337210216, 0.5221644901001887, 0.01872722305483038, 0.11414505842823698, 0.07977976585819868, -0.38056144751742754, 0.3769077812519026, -0.755084222334281, 0.34743057308529063, 0.8877293917052401, 0.6931752405408461, -0.6212254018461435, 0.7870581855816009, 0.15416366517684232, -0.59340802358584, 0.825512459377494, 0.4452719319092635, 0.8952123739636684, 0.6923482994963456, 0.8364679730036728, 0.3731679829841701, -0.06146442960880888, 0.7372733897632113, 0.84444448474009, 0.10290962785345376, 0.3871441381117772, 0.7771484543695661, 0.6181994764490593, 0.13799494187591682, 0.7489499520666927, 1.0, 0.03322689939172627, 0.7857475951813317, -0.46099592013775414], [0.27614273197275835, 0.5693413134531095, 0.033690355117988194, -0.41798561628006803, 0.3864890146545822, -0.006760152234479144, -0.30316144481706353, 0.14108288509530123, -0.10666474795337468, -0.4501280353358345, -0.11017331300293226, 0.45255647804127913, 0.701709562183815, -0.20550408099005024, 0.7278922144281895, -0.14532531694465164, -0.174331158686582, 0.16179519962464936, 0.42783220922976506, 0.2915397293154002, -0.11574238617475849, -0.013196745880703293, -0.12672645900659288, 0.13356964316679543, 0.08975830546892372, -0.05501725459298111, -0.25884306478255387, -0.338341070726296, -0.1775951809462346, 0.220038529292879, 0.6793971745575534, -0.2494609899960405, -0.23232968128873596, -0.3248855653135719, -0.22968385669367516, 0.030152670809130373, 0.03322689939172627, 1.0, 0.1429205553416187, -0.018745062291169685], [0.9201163991810765, 0.3673763595654368, 0.5046263827849324, -0.22231967138188713, 0.1731848760307985, 0.8877764376596898, 0.8176295483709812, 0.3214603533623972, 0.4898000099335592, 0.5583343809199096, 0.05355562769460577, -0.7009367291777214, 0.6839162624380274, -0.4533722381446964, 0.6828579485865378, 0.7384033339889418, 0.6161511263111653, -0.2419823106661882, 0.9235416731399134, 0.2881881371460306, -0.19035000276723585, 0.502846993652285, 0.8030778580073357, 0.8971788571370662, 0.3617279225513446, 0.797218364685493, 0.20268463954481217, 0.08165074249678414, 0.47057793899448536, 0.8857941135366019, 0.4854775727824602, 0.21772467812897534, 0.6806864896372802, 0.6264885404792144, 0.18907633522140155, 0.9302255541366404, 0.7857475951813317, 0.1429205553416187, 1.0, -0.08265325775639668], [-0.11106825175787108, -0.23742547448045956, -0.2829740483533755, 0.5715130088766143, -0.12831806131615642, -0.26783072211572995, 0.06409843790358678, -0.8858930706451087, 0.46357296151312377, 0.25342981313626417, -0.5051205135418606, 0.013987931376463592, 0.07118642152093202, 0.6435413503572286, 0.05452974678653737, -0.13485619511520625, 0.02264659111494097, 0.4626501423105268, -0.031017826779491223, -0.6593134126996348, 0.8978767950583751, -0.7979493199868286, 0.0407595225330598, -0.39295260594074344, -0.5256974409762961, -0.11177120275785962, -0.7744769094793963, 0.4647269598207678, 0.018701210422465513, -0.08171219203395334, -0.0588508486966389, -0.7759587676694856, 0.026173544441864368, 0.2265058785725738, 0.5035905912138406, -0.08528748878227804, -0.46099592013775414, -0.018745062291169685, -0.08265325775639668, 1.0]]